# h(n) (medido em min)
dist_direct = ((0, 20.0, 37.0, 49.6, 72.8, 77.6, 71.6, 50.8, 35.2, 18.2, 33.4, 54.6, 55.2, 59.6), 
               (20.0, 0, 17.0, 29.6, 53.2, 58.2, 52.2, 34.6, 20.0, 7.0, 31.0, 41.8, 38.2, 43.6), 
               (37.0, 17.0, 0, 12.6, 36.4, 41.2, 35.2, 27.2, 18.8, 20.6, 39.0, 38.2, 24.2, 33.2), 
               (49.6, 29.6, 12.6, 0, 24.0, 28.8, 23.0, 24.8, 25.2, 33.4, 47.2, 37.2, 21.2, 30.8), 
               (72.8, 53.2, 36.4, 24.0, 0, 6.0, 4.8, 38.8, 46.6, 56.4, 68.4, 49.6, 29.0, 35.8), 
               (77.6, 58.2, 41.2, 28.8, 6.0, 0, 6.6, 44.6, 51.4, 60.6, 73.4, 55.2, 30.4, 36.4), 
               (71.6, 52.2, 35.2, 23.0, 4.8, 6.6, 0, 40.0, 46.0, 54.6, 68.4, 51.4, 24.8, 31.2), 
               (50.8, 34.6, 27.2, 24.8, 38.8, 44.6, 40.0, 0, 16.4, 40.6, 32.2, 12.8, 45.4, 55.2), 
               (35.2, 20.0, 18.8, 25.2, 46.6, 51.4, 46.0, 16.4, 0, 27.0, 22.4, 21.8, 42.4, 53.2), 
               (18.2, 7.0, 20.6, 33.4, 56.4, 60.6, 54.6, 40.6, 27.0, 0, 35.2, 48.4, 37.4, 42.4), 
               (33.4, 31.0, 39.0, 47.2, 68.4, 73.4, 68.4, 32.2, 22.4, 35.2, 0, 28.4, 63.0, 71.0), 
               (54.6, 41.8, 38.2, 37.2, 49.6, 55.2, 51.4, 12.8, 21.8, 48.4, 28.4, 0, 57.6, 67.2), 
               (55.2, 38.2, 24.2, 21.2, 29.0, 30.4, 24.8, 45.4, 42.4, 37.4, 63.0, 57.6, 0, 10.2), 
               (59.6, 43.6, 33.2, 30.8, 35.8, 36.4, 31.2, 55.2, 53.2, 42.4, 71.0, 67.2, 10.2, 0))

# peso | g(n) (medido em min)
dist_real = ((0, 20.0, -4, -4, -4, -4, -4, -4, -4, -4, -4, -4, -4, -4), 
             (20.0, 0, 17.0, -4, -4, -4, -4, -4, 20.0, 7.0, -4, -4, -4, -4), 
             (-4, 17.0, 0, 12.6, -4, -4, -4, -4, 18.8, -4, -4, -4, 37.4, -4), 
             (-4, -4, 12.6, 0, 26.0, -4, -4, 30.6, -4, -4, -4, -4, 25.6, -4), 
             (-4, -4, -4, 26.0, 0, 6.0, 4.8, 60.0, -4, -4, -4, -4, -4, -4), 
             (-4, -4, -4, -4, 6.0, 0, -4, -4, -4, -4, -4, -4, -4, -4), 
             (-4, -4, -4, -4, 4.8, -4, 0, -4, -4, -4, -4, -4, -4, -4), 
             (-4, -4, -4, 30.6, 60.0, -4, -4, 0, 19.2, -4, -4, 12.8, -4, -4), 
             (-4, 20.0, 18.8, -4, -4, -4, -4, 19.2, 0, -4, 24.4, -4, -4, -4), 
             (-4, 7.0, -4, -4, -4, -4, -4, -4, -4, 0, -4, -4, -4, -4), 
             (-4, -4, -4, -4, -4, -4, -4, -4, 24.4, -4, 0, -4, -4, -4), 
             (-4, -4, -4, -4, -4, -4, -4, 12.8, -4, -4, -4, 0, -4, -4), 
             (-4, -4, 37.4, 25.6, -4, -4, -4, -4, -4, -4, -4, -4, 0, 10.2), 
             (-4, -4, -4, -4, -4, -4, -4, -4, -4, -4, -4, -4, 10.2, 0))

lines = {'azul': ('E1', 'E2', 'E3', 'E4', 'E5', 'E6'), 'vermelho': ('E3', 'E9', 'E11', 'E13'),
          'amarelo': ('E10', 'E2', 'E9', 'E8', 'E5', 'E7'), 'verde': ('E14', 'E13', 'E4', 'E8', 'E12'),
          'blank': ()}
'''
a = []
b = []

for i in range(14):
    tempa = []
    tempb = [] 
    for j in range(14):
        tempa.append(4 * dist_direct[i][j])
        tempb.append(4 * dist_real[i][j])
    a.append(tuple(tempa))
    b.append(tuple(tempb))
print(tuple(a))
print(tuple(b))'''